elf_sha256=58b957a534e20ba3d3875652a65bdbeb4768488b70a992bbebd13304bc6cf962
payload_bytes=7856 payload_sha256=89bb791bc2978904c4335f391c72a3a293be5d823de54f737aa4dbe3c21a8bef transport=wifi
DAWN LOAD READY wifi=off leds=off heap_free=196608
WIFI CONNECTED
WIFI READY 192.168.169.176 4567 leds=off heap_free=150252
DAWN LOAD READY wifi=on leds=off
LOADED bytes=7856 pixels=113 heap=10704 us=7102
transfer_seconds=0.046
LOADED bytes=7856 pixels=113 heap=10704 us=8248
transfer_seconds=0.079
LOADED bytes=7856 pixels=113 heap=10704 us=8238
transfer_seconds=0.093
REJECT Version
REJECT Limit
REJECT Checksum
DAWN LOAD READY wifi=on leds=off
VERIFIED truncated-upload reconnect and invalid-token rejection
FRAME 0 1358665187 1137 0 0
FRAME 49652777 1358665187 998 0 0
FRAME 49659722 1358665187 1142 0 0
FRAME 58319444 249888359 1183 0 0
FRAME 58680555 3108222847 2250 0 1
FRAME 58986111 530648222 1257 0 0
FRAME 66000000 2701712700 10321 0 0
FRAME 104166666 1358665187 1090 0 0
FRAME 249753832 1358665187 267 0 0
FRAME 0 1358665187 1018 0 0
FRAME 0 1358665187 1030 0 0
FRAME 49652777 1358665187 1038 0 0
FRAME 49659722 1358665187 1009 0 0
FRAME 58319444 249888359 1187 0 0
FRAME 58680555 3108222847 1162 0 0
FRAME 58986111 530648222 1194 0 0
FRAME 66000000 2701712700 10325 0 0
FRAME 104166666 1358665187 1090 0 0
FRAME 249753832 1358665187 266 0 0
FRAME 0 1358665187 1049 0 0
FRAME 0 1358665187 1010 0 0
FRAME 49652777 1358665187 1013 0 0
FRAME 49659722 1358665187 1005 0 0
FRAME 58319444 249888359 1187 0 0
FRAME 58680555 3108222847 1158 0 0
FRAME 58986111 530648222 1193 0 0
FRAME 66000000 2701712700 10317 0 0
FRAME 104166666 1358665187 1086 0 0
FRAME 249753832 1358665187 286 0 0
FRAME 0 1358665187 1030 0 0
FRAME 0 1358665187 1006 0 0
FRAME 49652777 1358665187 1009 0 0
FRAME 49659722 1358665187 1001 0 0
FRAME 58319444 249888359 1184 0 0
FRAME 58680555 3108222847 1153 0 0
FRAME 58986111 530648222 1184 0 0
FRAME 66000000 2701712700 10309 0 0
FRAME 104166666 1358665187 1110 0 0
FRAME 249753832 1358665187 267 0 0
FRAME 0 1358665187 1142 0 0
FRAME 0 1358665187 1018 0 0
FRAME 49652777 1358665187 1014 0 0
FRAME 49659722 1358665187 1014 0 0
FRAME 58319444 249888359 1187 0 0
FRAME 58680555 3108222847 1162 0 0
FRAME 58986111 530648222 1189 0 0
FRAME 66000000 2701712700 13270 0 1
FRAME 104166666 1358665187 1085 0 0
FRAME 249753832 1358665187 267 0 0
FRAME 0 1358665187 1014 0 0
FRAME 0 1358665187 1018 0 0
FRAME 49652777 1358665187 1009 0 0
FRAME 49659722 1358665187 1013 0 0
FRAME 58319444 249888359 1308 0 0
FRAME 58680555 3108222847 1162 0 0
FRAME 58986111 530648222 1189 0 0
FRAME 66000000 2701712700 10348 0 0
FRAME 104166666 1358665187 1086 0 0
FRAME 249753832 1358665187 389 0 0
FRAME 0 1358665187 1018 0 0
FRAME 0 1358665187 1017 0 0
FRAME 49652777 1358665187 1013 0 0
FRAME 49659722 1358665187 1014 0 0
FRAME 58319444 249888359 1184 0 0
FRAME 58680555 3108222847 1162 0 0
FRAME 58986111 530648222 1216 0 0
FRAME 66000000 2701712700 10349 0 0
FRAME 104166666 1358665187 1086 0 0
FRAME 249753832 1358665187 267 0 0
FRAME 0 1358665187 1018 0 0
FRAME 0 1358665187 1018 0 0
FRAME 49652777 1358665187 1014 0 0
FRAME 49659722 1358665187 1014 0 0
FRAME 58319444 249888359 1180 0 0
FRAME 58680555 3108222847 1218 0 0
FRAME 58986111 530648222 1193 0 0
FRAME 66000000 2701712700 10326 0 0
FRAME 104166666 1358665187 1086 0 0
FRAME 249753832 1358665187 266 0 0
FRAME 0 1358665187 1018 0 0
FRAME 0 1358665187 1018 0 0
FRAME 49652777 1358665187 1033 0 0
FRAME 49659722 1358665187 1037 0 0
FRAME 58319444 249888359 1184 0 0
FRAME 58680555 3108222847 1162 0 0
FRAME 58986111 530648222 1321 0 0
FRAME 66000000 2701712700 10312 0 0
FRAME 104166666 1358665187 1085 0 0
FRAME 249753832 1358665187 267 0 0
FRAME 0 1358665187 1017 0 0
FRAME 0 1358665187 3094 0 1
FRAME 49652777 1358665187 1017 0 0
FRAME 49659722 1358665187 1010 0 0
FRAME 58319444 249888359 1311 0 0
FRAME 58680555 3108222847 1162 0 0
FRAME 58986111 530648222 1185 0 0
FRAME 66000000 2701712700 10342 0 0
FRAME 104166666 1358665187 1082 0 0
FRAME 249753832 1358665187 286 0 0
FRAME 0 1358665187 1029 0 0
VERIFIED 100 frames; zero evaluation allocations
