elf_sha256=47020836d08efa737712aaf707e163532268563524c2b69191f6428d66bf14f1
payload_bytes=7856 payload_sha256=89bb791bc2978904c4335f391c72a3a293be5d823de54f737aa4dbe3c21a8bef transport=http
WIFI READY 192.168.169.176 80 leds=off heap_free=150036
LOADED bytes=7856 pixels=113 heap=10704 us=7201
transfer_seconds=0.312
LOADED bytes=7856 pixels=113 heap=19204 us=11441
transfer_seconds=0.094
LOADED bytes=7856 pixels=113 heap=10704 us=8780
transfer_seconds=0.094
VERIFIED HTTP authorization rejection
REJECT Version
REJECT Limit
REJECT Checksum
VERIFIED concurrent HTTP upload rejection
VERIFIED interrupted HTTP upload disconnect
FRAME 0 1358665187 1182 0 0
FRAME 49652777 1358665187 1061 0 0
FRAME 49659722 1358665187 1126 0 0
FRAME 58319444 249888359 1240 0 0
FRAME 58680555 3108222847 1307 0 0
FRAME 58986111 530648222 1335 0 0
FRAME 66000000 2701712700 10331 0 0
FRAME 104166666 1358665187 1188 0 0
FRAME 249753832 1358665187 363 0 0
FRAME 0 1358665187 1094 0 0
FRAME 0 1358665187 1130 0 0
FRAME 49652777 1358665187 1126 0 0
FRAME 49659722 1358665187 1066 0 0
FRAME 58319444 249888359 1303 0 0
FRAME 58680555 3108222847 1311 0 0
FRAME 58986111 530648222 1278 0 0
FRAME 66000000 2701712700 10387 0 0
FRAME 104166666 1358665187 1163 0 0
FRAME 249753832 1358665187 355 0 0
FRAME 0 1358665187 1130 0 0
FRAME 0 1358665187 1065 0 0
FRAME 49652777 1358665187 1117 0 0
FRAME 49659722 1358665187 1089 0 0
FRAME 58319444 249888359 1291 0 0
FRAME 58680555 3108222847 1303 0 0
FRAME 58986111 530648222 1275 0 0
FRAME 66000000 2701712700 10400 0 0
FRAME 104166666 1358665187 1191 0 0
FRAME 249753832 1358665187 326 0 0
FRAME 0 1358665187 1130 0 0
FRAME 0 1358665187 1066 0 0
FRAME 49652777 1358665187 1121 0 0
FRAME 49659722 1358665187 1118 0 0
FRAME 58319444 249888359 1244 0 0
FRAME 58680555 3108222847 1303 0 0
FRAME 58986111 530648222 1278 0 0
FRAME 66000000 2701712700 10387 0 0
FRAME 104166666 1358665187 1183 0 0
FRAME 249753832 1358665187 326 0 0
FRAME 0 1358665187 1133 0 0
FRAME 0 1358665187 1086 0 0
FRAME 49652777 1358665187 1117 0 0
FRAME 49659722 1358665187 1121 0 0
FRAME 58319444 249888359 1248 0 0
FRAME 58680555 3108222847 1299 0 0
FRAME 58986111 530648222 1278 0 0
FRAME 66000000 2701712700 10388 0 0
FRAME 104166666 1358665187 1188 0 0
FRAME 249753832 1358665187 327 0 0
FRAME 0 1358665187 1130 0 0
FRAME 0 1358665187 1126 0 0
FRAME 49652777 1358665187 1066 0 0
FRAME 49659722 1358665187 1122 0 0
FRAME 58319444 249888359 1248 0 0
FRAME 58680555 3108222847 1299 0 0
FRAME 58986111 530648222 1331 0 0
FRAME 66000000 2701712700 10327 0 0
FRAME 104166666 1358665187 1187 0 0
FRAME 249753832 1358665187 359 0 0
FRAME 0 1358665187 1093 0 0
FRAME 0 1358665187 1129 0 0
FRAME 49652777 1358665187 1082 0 0
FRAME 49659722 1358665187 1122 0 0
FRAME 58319444 249888359 1303 0 0
FRAME 58680555 3108222847 1235 0 0
FRAME 58986111 530648222 1335 0 0
FRAME 66000000 2701712700 10388 0 0
FRAME 104166666 1358665187 1147 0 0
FRAME 249753832 1358665187 359 0 0
FRAME 0 1358665187 1129 0 0
FRAME 0 1358665187 1065 0 0
FRAME 49652777 1358665187 1129 0 0
FRAME 49659722 1358665187 1062 0 0
FRAME 58319444 249888359 1303 0 0
FRAME 58680555 3108222847 1299 0 0
FRAME 58986111 530648222 1283 0 0
FRAME 66000000 2701712700 10380 0 0
FRAME 104166666 1358665187 1191 0 0
FRAME 249753832 1358665187 326 0 0
FRAME 0 1358665187 1130 0 0
FRAME 0 1358665187 1066 0 0
FRAME 49652777 1358665187 1125 0 0
FRAME 49659722 1358665187 1121 0 0
FRAME 58319444 249888359 1244 0 0
FRAME 58680555 3108222847 1299 0 0
FRAME 58986111 530648222 1279 0 0
FRAME 66000000 2701712700 10387 0 0
FRAME 104166666 1358665187 1187 0 0
FRAME 249753832 1358665187 359 0 0
FRAME 0 1358665187 1097 0 0
FRAME 0 1358665187 1130 0 0
FRAME 49652777 1358665187 1066 0 0
FRAME 49659722 1358665187 1125 0 0
FRAME 58319444 249888359 1304 0 0
FRAME 58680555 3108222847 1240 0 0
FRAME 58986111 530648222 1334 0 0
FRAME 66000000 2701712700 13481 0 1
FRAME 104166666 1358665187 1155 0 0
FRAME 249753832 1358665187 359 0 0
FRAME 0 1358665187 1097 0 0
FRAME 0 1358665187 1130 0 0
FRAME 49652777 1358665187 1124 0 0
FRAME 49659722 1358665187 1062 0 0
FRAME 58319444 249888359 1307 0 0
FRAME 58680555 3108222847 1252 0 0
FRAME 58986111 530648222 1331 0 0
FRAME 66000000 2701712700 10392 0 0
FRAME 104166666 1358665187 1163 0 0
FRAME 249753832 1358665187 351 0 0
FRAME 0 1358665187 1134 0 0
FRAME 0 1358665187 1065 0 0
FRAME 49652777 1358665187 1121 0 0
FRAME 49659722 1358665187 1118 0 0
FRAME 58319444 249888359 1244 0 0
FRAME 58680555 3108222847 1303 0 0
FRAME 58986111 530648222 1274 0 0
FRAME 66000000 2701712700 10395 0 0
FRAME 104166666 1358665187 1184 0 0
FRAME 249753832 1358665187 327 0 0
FRAME 0 1358665187 1130 0 0
FRAME 0 1358665187 1086 0 0
FRAME 49652777 1358665187 1117 0 0
FRAME 49659722 1358665187 1125 0 0
FRAME 58319444 249888359 1244 0 0
FRAME 58680555 3108222847 1299 0 0
FRAME 58986111 530648222 3558 0 2
FRAME 66000000 2701712700 10352 0 0
FRAME 104166666 1358665187 1183 0 0
FRAME 249753832 1358665187 326 0 0
FRAME 0 1358665187 1133 0 0
FRAME 0 1358665187 1126 0 0
FRAME 49652777 1358665187 1061 0 0
FRAME 49659722 1358665187 1125 0 0
FRAME 58319444 249888359 1299 0 0
FRAME 58680555 3108222847 1239 0 0
FRAME 58986111 530648222 1334 0 0
FRAME 66000000 2701712700 10399 0 0
FRAME 104166666 1358665187 1164 0 0
FRAME 249753832 1358665187 351 0 0
FRAME 0 1358665187 1129 0 0
FRAME 0 1358665187 1082 0 0
FRAME 49652777 1358665187 1117 0 0
FRAME 49659722 1358665187 1125 0 0
FRAME 58319444 249888359 1243 0 0
FRAME 58680555 3108222847 1299 0 0
FRAME 58986111 530648222 1334 0 0
FRAME 66000000 2701712700 13884 0 2
FRAME 104166666 1358665187 1163 0 0
FRAME 249753832 1358665187 359 0 0
FRAME 0 1358665187 1097 0 0
FRAME 0 1358665187 1126 0 0
FRAME 49652777 1358665187 1120 0 0
FRAME 49659722 1358665187 1061 0 0
FRAME 58319444 249888359 1304 0 0
FRAME 58680555 3108222847 1300 0 0
FRAME 58986111 530648222 1279 0 0
FRAME 66000000 2701712700 10383 0 0
FRAME 104166666 1358665187 1188 0 0
FRAME 249753832 1358665187 359 0 0
FRAME 0 1358665187 1130 0 0
FRAME 0 1358665187 1126 0 0
FRAME 49652777 1358665187 1061 0 0
FRAME 49659722 1358665187 1125 0 0
FRAME 58319444 249888359 1312 0 0
FRAME 58680555 3108222847 1304 0 0
FRAME 58986111 530648222 1334 0 0
FRAME 66000000 2701712700 10330 0 0
FRAME 104166666 1358665187 1191 0 0
FRAME 249753832 1358665187 359 0 0
FRAME 0 1358665187 1126 0 0
FRAME 0 1358665187 1070 0 0
FRAME 49652777 1358665187 1126 0 0
FRAME 49659722 1358665187 1078 0 0
FRAME 58319444 249888359 1300 0 0
FRAME 58680555 3108222847 1299 0 0
FRAME 58986111 530648222 1274 0 0
FRAME 66000000 2701712700 10391 0 0
FRAME 104166666 1358665187 1184 0 0
FRAME 249753832 1358665187 326 0 0
FRAME 0 1358665187 1133 0 0
FRAME 0 1358665187 1066 0 0
FRAME 49652777 1358665187 1121 0 0
FRAME 49659722 1358665187 1125 0 0
FRAME 58319444 249888359 1239 0 0
FRAME 58680555 3108222847 1300 0 0
FRAME 58986111 530648222 1275 0 0
FRAME 66000000 2701712700 10391 0 0
FRAME 104166666 1358665187 1183 0 0
FRAME 249753832 1358665187 327 0 0
FRAME 0 1358665187 1129 0 0
FRAME 0 1358665187 1085 0 0
FRAME 49652777 1358665187 1117 0 0
FRAME 49659722 1358665187 1125 0 0
FRAME 58319444 249888359 1243 0 0
FRAME 58680555 3108222847 1299 0 0
FRAME 58986111 530648222 1339 0 0
FRAME 66000000 2701712700 10332 0 0
FRAME 104166666 1358665187 1191 0 0
FRAME 249753832 1358665187 359 0 0
FRAME 0 1358665187 1101 0 0
VERIFIED 200 frames; zero evaluation allocations
