elf_sha256=00d931b0223a48b4d9e23cde4ef2d0d22bb3221093519e94ffee783ee511333b
payload_bytes=7856 payload_sha256=89bb791bc2978904c4335f391c72a3a293be5d823de54f737aa4dbe3c21a8bef transport=wifi
DAWN LOAD READY wifi=off leds=off heap_free=196608
WIFI CONNECTED
WIFI READY 192.168.169.176 4567 leds=off heap_free=150324
DAWN LOAD READY wifi=on leds=off
LOADED bytes=7856 pixels=113 heap=10704 us=7361
transfer_seconds=0.063
LOADED bytes=7856 pixels=113 heap=10704 us=7544
transfer_seconds=0.046
LOADED bytes=7856 pixels=113 heap=10512 us=8511
transfer_seconds=0.063
REJECT Version
REJECT Limit
REJECT Checksum
DAWN LOAD READY wifi=on leds=off
VERIFIED truncated-upload reconnect and invalid-token rejection
FRAME 0 1358665187 1160 0 0
FRAME 49652777 1358665187 978 0 0
FRAME 49659722 1358665187 925 0 0
FRAME 58319444 249888359 1135 0 0
FRAME 58680555 3108222847 1242 0 0
FRAME 58986111 530648222 1154 0 0
FRAME 66000000 2701712700 10131 0 0
FRAME 104166666 1358665187 1042 0 0
FRAME 249753832 1358665187 235 0 0
FRAME 0 1358665187 963 0 0
FRAME 0 1358665187 995 0 0
FRAME 49652777 1358665187 962 0 0
FRAME 49659722 1358665187 926 0 0
FRAME 58319444 249888359 1135 0 0
FRAME 58680555 3108222847 1096 0 0
FRAME 58986111 530648222 1159 0 0
FRAME 66000000 2701712700 10114 0 0
FRAME 104166666 1358665187 1046 0 0
FRAME 249753832 1358665187 207 0 0
FRAME 0 1358665187 968 0 0
FRAME 0 1358665187 999 0 0
FRAME 49652777 1358665187 1063 0 0
FRAME 49659722 1358665187 965 0 0
FRAME 58319444 249888359 1096 0 0
FRAME 58680555 3108222847 1139 0 0
FRAME 58986111 530648222 1119 0 0
FRAME 66000000 2701712700 10126 0 0
FRAME 104166666 1358665187 1042 0 0
FRAME 249753832 1358665187 206 0 0
FRAME 0 1358665187 963 0 0
FRAME 0 1358665187 932 0 1
FRAME 49652777 1358665187 989 0 0
FRAME 49659722 1358665187 926 0 0
FRAME 58319444 249888359 1140 0 0
FRAME 58680555 3108222847 1233 0 0
FRAME 58986111 530648222 1158 0 0
FRAME 66000000 2701712700 10190 0 0
FRAME 104166666 1358665187 1050 0 0
FRAME 249753832 1358665187 206 0 0
FRAME 0 1358665187 967 0 0
FRAME 0 1358665187 931 0 0
FRAME 49652777 1358665187 989 0 0
FRAME 49659722 1358665187 958 0 0
FRAME 58319444 249888359 1139 0 0
FRAME 58680555 3108222847 1124 0 0
FRAME 58986111 530648222 1276 0 0
FRAME 66000000 2701712700 10111 0 0
FRAME 104166666 1358665187 1043 0 0
FRAME 249753832 1358665187 226 0 0
FRAME 0 1358665187 991 0 0
FRAME 0 1358665187 935 0 0
FRAME 49652777 1358665187 957 0 0
FRAME 49659722 1358665187 1057 0 0
FRAME 58319444 249888359 1136 0 0
FRAME 58680555 3108222847 1236 0 0
FRAME 58986111 530648222 1159 0 0
FRAME 66000000 2701712700 10102 0 0
FRAME 104166666 1358665187 1050 0 0
FRAME 249753832 1358665187 243 0 0
FRAME 0 1358665187 995 0 0
FRAME 0 1358665187 974 0 0
FRAME 49652777 1358665187 961 0 0
FRAME 49659722 1358665187 1057 0 0
FRAME 58319444 249888359 1139 0 0
FRAME 58680555 3108222847 1140 0 0
FRAME 58986111 530648222 1158 0 0
FRAME 66000000 2701712700 10106 0 0
FRAME 104166666 1358665187 1050 0 0
FRAME 249753832 1358665187 271 0 0
FRAME 0 1358665187 939 0 0
FRAME 0 1358665187 947 0 0
FRAME 49652777 1358665187 1046 0 0
FRAME 49659722 1358665187 941 0 0
FRAME 58319444 249888359 1095 0 0
FRAME 58680555 3108222847 1120 0 0
FRAME 58986111 530648222 1261 0 0
FRAME 66000000 2701712700 10101 0 0
FRAME 104166666 1358665187 1054 0 0
FRAME 249753832 1358665187 246 0 0
FRAME 0 1358665187 963 0 0
FRAME 0 1358665187 927 0 0
FRAME 49652777 1358665187 962 0 0
FRAME 49659722 1358665187 918 0 0
FRAME 58319444 249888359 1139 0 0
FRAME 58680555 3108222847 1087 0 0
FRAME 58986111 530648222 1163 0 0
FRAME 66000000 2701712700 10181 0 0
FRAME 104166666 1358665187 1043 0 0
FRAME 249753832 1358665187 279 0 0
FRAME 0 1358665187 971 0 0
FRAME 0 1358665187 959 0 0
FRAME 49652777 1358665187 921 0 0
FRAME 49659722 1358665187 958 0 0
FRAME 58319444 249888359 1124 0 0
FRAME 58680555 3108222847 1132 0 0
FRAME 58986111 530648222 1150 0 0
FRAME 66000000 2701712700 10181 0 0
FRAME 104166666 1358665187 1051 0 0
FRAME 249753832 1358665187 242 0 0
FRAME 0 1358665187 939 0 0
VERIFIED 100 frames; zero evaluation allocations
