elf_sha256=20825d3a3d5a4080eaae656e3bf2a0b37e757fd1fc6fe36eb199a44391ce830d
payload_bytes=25025 payload_sha256=0bcdb1abbc55e401ddb4c069e04d94e74002222454844d7c7815522021b1cf0f transport=http
WIFI READY 192.168.169.176 80 i2s=gpio13,18,21,25 heap_free=117268
LOADED bytes=25025 pixels=452 heap=33872 us=10073
transfer_seconds=0.406
VERIFIED HTTP authorization rejection
REJECT Version
REJECT Limit
REJECT Checksum
VERIFIED concurrent HTTP upload rejection
VERIFIED interrupted HTTP upload disconnect
FRAME 0 3459375601 2961 0 1
FRAME 49652777 3459375601 2518 0 0
FRAME 49659722 3459375601 3437 0 0
FRAME 58319444 1758088845 3692 0 1
FRAME 58680555 2337628906 2895 0 0
FRAME 58986111 1343713600 3576 0 0
FRAME 66000000 2491043852 38198 0 0
FRAME 104166666 3459375601 3601 0 0
FRAME 249753832 3459375601 364 0 0
FRAME 0 3459375601 3396 0 0
FRAME 0 3459375601 3414 0 0
FRAME 49652777 3459375601 2635 0 0
FRAME 49659722 3459375601 2634 0 0
FRAME 58319444 1758088845 3500 0 0
FRAME 58680555 2337628906 3070 0 1
FRAME 58986111 1343713600 3090 0 0
FRAME 66000000 2491043852 43543 0 9
FRAME 104166666 3459375601 4059 0 0
FRAME 249753832 3459375601 372 0 0
FRAME 0 3459375601 2543 0 0
FRAME 0 3459375601 3358 0 0
FRAME 49652777 3459375601 3301 0 0
FRAME 49659722 3459375601 3357 0 0
FRAME 58319444 1758088845 3453 0 0
FRAME 58680555 2337628906 2895 0 0
FRAME 58986111 1343713600 3756 0 0
FRAME 66000000 2491043852 38200 0 0
FRAME 104166666 3459375601 2954 0 0
FRAME 249753832 3459375601 1022 0 0
FRAME 0 3459375601 2679 0 0
FRAME 0 3459375601 2647 0 0
FRAME 49652777 3459375601 2657 0 0
FRAME 49659722 3459375601 3246 0 0
FRAME 58319444 1758088845 2840 0 0
FRAME 58680555 2337628906 3654 0 0
FRAME 58986111 1343713600 3707 0 0
FRAME 66000000 2491043852 41625 0 1
FRAME 104166666 3459375601 2959 0 0
FRAME 249753832 3459375601 383 0 0
FRAME 0 3459375601 3390 0 0
FRAME 0 3459375601 4888 0 2
FRAME 49652777 3459375601 2749 0 0
FRAME 49659722 3459375601 2631 0 0
FRAME 58319444 1758088845 2730 0 0
FRAME 58680555 2337628906 2886 0 0
FRAME 58986111 1343713600 3011 0 0
FRAME 66000000 2491043852 39472 0 1
FRAME 104166666 3459375601 3458 0 0
FRAME 249753832 3459375601 375 0 0
FRAME 0 3459375601 2744 0 0
FRAME 0 3459375601 2774 0 0
FRAME 49652777 3459375601 2635 0 0
FRAME 49659722 3459375601 2500 0 0
FRAME 58319444 1758088845 2844 0 0
FRAME 58680555 2337628906 2984 0 0
FRAME 58986111 1343713600 3762 0 0
FRAME 66000000 2491043852 38209 0 0
FRAME 104166666 3459375601 2771 0 0
FRAME 249753832 3459375601 372 0 0
FRAME 0 3459375601 3382 0 0
FRAME 0 3459375601 2668 0 0
FRAME 49652777 3459375601 2626 0 0
FRAME 49659722 3459375601 3287 0 0
FRAME 58319444 1758088845 2832 0 0
FRAME 58680555 2337628906 2781 0 0
FRAME 58986111 1343713600 3751 0 0
FRAME 66000000 2491043852 44827 0 13
FRAME 104166666 3459375601 3511 0 0
FRAME 249753832 3459375601 367 0 0
FRAME 0 3459375601 2656 0 0
FRAME 0 3459375601 3347 0 0
FRAME 49652777 3459375601 3296 0 0
FRAME 49659722 3459375601 2676 0 0
FRAME 58319444 1758088845 3472 0 0
FRAME 58680555 2337628906 2902 0 0
FRAME 58986111 1343713600 4412 0 1
FRAME 66000000 2491043852 39417 0 1
FRAME 104166666 3459375601 2953 0 0
FRAME 249753832 3459375601 379 0 0
FRAME 0 3459375601 2656 0 0
FRAME 0 3459375601 3366 0 0
FRAME 49652777 3459375601 3340 0 0
FRAME 49659722 3459375601 2748 0 0
FRAME 58319444 1758088845 3562 0 0
FRAME 58680555 2337628906 2757 0 0
FRAME 58986111 1343713600 3764 0 0
FRAME 66000000 2491043852 39071 0 0
FRAME 104166666 3459375601 3580 0 0
FRAME 249753832 3459375601 372 0 0
FRAME 0 3459375601 2644 0 0
FRAME 0 3459375601 2763 0 0
FRAME 49652777 3459375601 2648 0 0
FRAME 49659722 3459375601 3349 0 0
FRAME 58319444 1758088845 3543 0 0
FRAME 58680555 2337628906 3590 0 0
FRAME 58986111 1343713600 3944 0 1
FRAME 66000000 2491043852 41324 0 1
FRAME 104166666 3459375601 3607 0 0
FRAME 249753832 3459375601 393 0 0
FRAME 0 3459375601 2649 0 0
FRAME 0 3459375601 2533 0 0
FRAME 49652777 3459375601 2638 0 0
FRAME 49659722 3459375601 2740 0 0
FRAME 58319444 1758088845 2868 0 0
FRAME 58680555 2337628906 3739 0 1
FRAME 58986111 1343713600 2894 0 0
FRAME 66000000 2491043852 39060 0 0
FRAME 104166666 3459375601 2862 0 0
FRAME 249753832 3459375601 372 0 0
FRAME 0 3459375601 3377 0 0
FRAME 0 3459375601 2754 0 0
FRAME 49652777 3459375601 2626 0 0
FRAME 49659722 3459375601 2511 0 0
FRAME 58319444 1758088845 3604 0 0
FRAME 58680555 2337628906 3593 0 0
FRAME 58986111 1343713600 3702 0 0
FRAME 66000000 2491043852 38492 0 0
FRAME 104166666 3459375601 2740 0 0
FRAME 249753832 3459375601 447 0 0
FRAME 0 3459375601 3295 0 0
FRAME 0 3459375601 2533 0 0
FRAME 49652777 3459375601 4997 0 0
FRAME 49659722 3459375601 2503 0 0
FRAME 58319444 1758088845 2889 0 0
FRAME 58680555 2337628906 2855 0 0
FRAME 58986111 1343713600 3785 0 0
FRAME 66000000 2491043852 38164 0 0
FRAME 104166666 3459375601 2858 0 0
FRAME 249753832 3459375601 372 0 0
FRAME 0 3459375601 4463 0 7
FRAME 0 3459375601 3247 0 0
FRAME 49652777 3459375601 2515 0 0
FRAME 49659722 3459375601 3268 0 0
FRAME 58319444 1758088845 2831 0 0
FRAME 58680555 2337628906 2902 0 0
FRAME 58986111 1343713600 3062 0 0
FRAME 66000000 2491043852 39008 0 0
FRAME 104166666 3459375601 2855 0 0
FRAME 249753832 3459375601 447 0 0
FRAME 0 3459375601 2764 0 0
FRAME 0 3459375601 2672 0 0
FRAME 49652777 3459375601 3225 0 0
FRAME 49659722 3459375601 2631 0 0
FRAME 58319444 1758088845 3550 0 0
FRAME 58680555 2337628906 2942 0 0
FRAME 58986111 1343713600 5052 0 0
FRAME 66000000 2491043852 41011 0 1
FRAME 104166666 3459375601 2945 0 0
FRAME 249753832 3459375601 372 0 0
FRAME 0 3459375601 2537 0 0
FRAME 0 3459375601 2754 0 0
FRAME 49652777 3459375601 2634 0 0
FRAME 49659722 3459375601 2743 0 0
FRAME 58319444 1758088845 3540 0 0
FRAME 58680555 2337628906 2976 0 0
FRAME 58986111 1343713600 2923 0 0
FRAME 66000000 2491043852 39041 0 0
FRAME 104166666 3459375601 2863 0 0
FRAME 249753832 3459375601 969 0 0
FRAME 0 3459375601 2722 0 0
FRAME 0 3459375601 2672 0 0
FRAME 49652777 3459375601 3303 0 0
FRAME 49659722 3459375601 4829 0 0
FRAME 58319444 1758088845 2921 0 0
FRAME 58680555 2337628906 2992 0 0
FRAME 58986111 1343713600 3010 0 0
FRAME 66000000 2491043852 38126 0 0
FRAME 104166666 3459375601 2950 0 0
FRAME 249753832 3459375601 373 0 0
FRAME 0 3459375601 2657 0 0
FRAME 0 3459375601 2656 0 0
FRAME 49652777 3459375601 2635 0 0
FRAME 49659722 3459375601 5244 0 2
FRAME 58319444 1758088845 2812 0 0
FRAME 58680555 2337628906 2882 0 0
FRAME 58986111 1343713600 3723 0 0
FRAME 66000000 2491043852 39025 0 0
FRAME 104166666 3459375601 3466 0 0
FRAME 249753832 3459375601 406 0 0
FRAME 0 3459375601 2531 0 0
FRAME 0 3459375601 3308 0 0
FRAME 49652777 3459375601 3362 0 0
FRAME 49659722 3459375601 2511 0 0
FRAME 58319444 1758088845 2941 0 0
FRAME 58680555 2337628906 2991 0 0
FRAME 58986111 1343713600 3014 0 0
FRAME 66000000 2491043852 41938 0 1
FRAME 104166666 3459375601 2740 0 0
FRAME 249753832 3459375601 390 0 0
FRAME 0 3459375601 3401 0 0
FRAME 0 3459375601 3191 0 0
FRAME 49652777 3459375601 3367 0 0
FRAME 49659722 3459375601 2627 0 0
FRAME 58319444 1758088845 3606 0 0
FRAME 58680555 2337628906 2826 0 0
FRAME 58986111 1343713600 2890 0 0
FRAME 66000000 2491043852 39042 0 0
FRAME 104166666 3459375601 2863 0 0
FRAME 249753832 3459375601 372 0 0
FRAME 0 3459375601 3393 0 0
VERIFIED 200 frames; zero evaluation allocations
