elf_sha256=58b957a534e20ba3d3875652a65bdbeb4768488b70a992bbebd13304bc6cf962
payload_bytes=7856 payload_sha256=89bb791bc2978904c4335f391c72a3a293be5d823de54f737aa4dbe3c21a8bef transport=wifi
DAWN LOAD READY wifi=off leds=off heap_free=196608
WIFI CONNECTED
WIFI READY 192.168.169.176 4567 leds=off heap_free=150388
DAWN LOAD READY wifi=on leds=off
LOADED bytes=7856 pixels=113 heap=10704 us=7270
transfer_seconds=0.062
LOADED bytes=7856 pixels=113 heap=10704 us=8141
transfer_seconds=0.047
LOADED bytes=7856 pixels=113 heap=10704 us=8242
transfer_seconds=0.063
REJECT Version
REJECT Limit
REJECT Checksum
DAWN LOAD READY wifi=on leds=off
VERIFIED truncated-upload reconnect and invalid-token rejection
FRAME 0 1358665187 1137 0 0
FRAME 49652777 1358665187 998 0 0
FRAME 49659722 1358665187 2140 0 1
FRAME 58319444 249888359 1216 0 0
FRAME 58680555 3108222847 1162 0 0
FRAME 58986111 530648222 1193 0 0
FRAME 66000000 2701712700 10320 0 0
FRAME 104166666 1358665187 1086 0 0
FRAME 249753832 1358665187 267 0 0
FRAME 0 1358665187 1018 0 0
FRAME 0 1358665187 1122 0 0
FRAME 49652777 1358665187 1033 0 0
FRAME 49659722 1358665187 1136 0 0
FRAME 58319444 249888359 1195 0 0
FRAME 58680555 3108222847 1162 0 0
FRAME 58986111 530648222 1194 0 0
FRAME 66000000 2701712700 10320 0 0
FRAME 104166666 1358665187 1086 0 0
FRAME 249753832 1358665187 266 0 0
FRAME 0 1358665187 1038 0 0
FRAME 0 1358665187 1038 0 0
FRAME 49652777 1358665187 1013 0 0
FRAME 49659722 1358665187 1013 0 0
FRAME 58319444 249888359 1196 0 0
FRAME 58680555 3108222847 1162 0 0
FRAME 58986111 530648222 1193 0 0
FRAME 66000000 2701712700 11346 0 1
FRAME 104166666 1358665187 1094 0 0
FRAME 249753832 1358665187 275 0 0
FRAME 0 1358665187 1026 0 0
FRAME 0 1358665187 1005 0 0
FRAME 49652777 1358665187 1013 0 0
FRAME 49659722 1358665187 1009 0 0
FRAME 58319444 249888359 1187 0 0
FRAME 58680555 3108222847 1158 0 0
FRAME 58986111 530648222 1795 0 1
FRAME 66000000 2701712700 10322 0 0
FRAME 104166666 1358665187 1086 0 0
FRAME 249753832 1358665187 259 0 0
FRAME 0 1358665187 1146 0 0
FRAME 0 1358665187 1010 0 0
FRAME 49652777 1358665187 1014 0 0
FRAME 49659722 1358665187 1042 0 0
FRAME 58319444 249888359 1203 0 0
FRAME 58680555 3108222847 1162 0 0
FRAME 58986111 530648222 1245 0 0
FRAME 66000000 2701712700 10321 0 0
FRAME 104166666 1358665187 1082 0 0
FRAME 249753832 1358665187 258 0 0
FRAME 0 1358665187 1018 0 0
FRAME 0 1358665187 1006 0 0
FRAME 49652777 1358665187 1014 0 0
FRAME 49659722 1358665187 1001 0 0
FRAME 58319444 249888359 1180 0 0
FRAME 58680555 3108222847 3294 0 3
FRAME 58986111 530648222 1241 0 0
FRAME 66000000 2701712700 10308 0 0
FRAME 104166666 1358665187 1090 0 0
FRAME 249753832 1358665187 266 0 0
FRAME 0 1358665187 1046 0 0
FRAME 0 1358665187 1025 0 0
FRAME 49652777 1358665187 1014 0 0
FRAME 49659722 1358665187 1009 0 0
FRAME 58319444 249888359 1191 0 0
FRAME 58680555 3108222847 1158 0 0
FRAME 58986111 530648222 1321 0 0
FRAME 66000000 2701712700 12578 0 4
FRAME 104166666 1358665187 1085 0 0
FRAME 249753832 1358665187 266 0 0
FRAME 0 1358665187 1014 0 0
FRAME 0 1358665187 1046 0 0
FRAME 49652777 1358665187 1013 0 0
FRAME 49659722 1358665187 1013 0 0
FRAME 58319444 249888359 1324 0 0
FRAME 58680555 3108222847 1162 0 0
FRAME 58986111 530648222 1249 0 0
FRAME 66000000 2701712700 10321 0 0
FRAME 104166666 1358665187 1086 0 0
FRAME 249753832 1358665187 259 0 0
FRAME 0 1358665187 1046 0 0
FRAME 0 1358665187 1014 0 0
FRAME 49652777 1358665187 1014 0 0
FRAME 49659722 1358665187 1009 0 0
FRAME 58319444 249888359 1188 0 0
FRAME 58680555 3108222847 1158 0 0
FRAME 58986111 530648222 1320 0 0
FRAME 66000000 2701712700 13146 0 1
FRAME 104166666 1358665187 1086 0 0
FRAME 249753832 1358665187 267 0 0
FRAME 0 1358665187 1014 0 0
FRAME 0 1358665187 1145 0 0
FRAME 49652777 1358665187 1009 0 0
FRAME 49659722 1358665187 1014 0 0
FRAME 58319444 249888359 1175 0 0
FRAME 58680555 3108222847 1211 0 0
FRAME 58986111 530648222 1198 0 0
FRAME 66000000 2701712700 13128 0 1
FRAME 104166666 1358665187 1085 0 0
FRAME 249753832 1358665187 267 0 0
FRAME 0 1358665187 1014 0 0
VERIFIED 100 frames; zero evaluation allocations
